796 INDEX emens,

111111.,1έ91,..9.1,31 11881811·

218,14. 226,19. 1111116111· 11118811 σχῆμα 178, 22. 174,12. ¹

111 278, 10. 895, 8. 175, 22, 175, 4.
1118811 de 111111 notu 180, 6. 442, 11611111 862, 1.

21.148,9.,11.111,8.489, 16. 1111111111. 1111111111811111111 ’

490,1. ,1111 11110118.

1118118111 864,18498,11. 1111. 1111181 1111 Mn 278, 3

φα... 111, 11. vanu 111, 1. 11. m, 1.‚ 1.

1111111188, 20., 22. 88, 21. 481, 1111111111. ‘gotiacum 10817.
8. 475, 22. mum 111111811111 nontin

16111 sm 80, 14. 820915. 5,1. mmmm 11111161 184,

, 88820889, 9. 1611147117. 17. 1111811111 wi 81111191 ,

478, 9. 187, 4., 6. 142, 4.
1111118181 481, 28. 1111111111. hon 1111 .
1111111 809, 2. 18281711. 11111111· n·
1111118111298, 4. 81180915. 11111119111111
quondm 461, 21., 22. 118622. gowenheim
911111111111 804, 2. 465, 20. 1111116111 118 11111111217,

1,....11ω1111 mantunae 21. 811111111118111111471,

889. 9. 470, 7. 8. 8111111111 111181 11111
1111111111. emtum 18181481, 225. 18. 268. 8. m Μ

12. 1181111111 29,12. mmm« 2

(1111111111. 1111111111 487, 24. oraculo 11111111 85, 17.181,1. ’

(1111111111 1111111111 1111116111 1111111181 1111 809, 17.

480, 19. 1111116111811150, 2. 111111181-
mamm 485, 4., 5.,10. 441, 2111. 1118111 11111 186, 9.
11111811111272, 15. 287, 11. 1111οό11111 185, 21. Mb·-
«1111111118811 187,10. 11811128.

1111111171. {vovimur 811, 20 111111111111 τᾶν 111111 Mu*

11111111111111111111111288,7. 891, 8.
1113ςὸ1. 61111 111181 11118 111111 11μὸ1 1111111181 29⁰,ss

8 ⁰ e Ι ⁰
11111111.. ,1. 1., 1.... *1111.”1””·”·““·’“
φθῐίθμί ⁴31, 191 vnvm& mm m, ⁸02 ι, ⁵·
111111ιὴ1111 880, 8. 128, 18. 129, 2.

1111111. 11111 1118111111 111111 zyffiezlzzgffimgm, 8.

257, 21. 1111111111 17111111 111· me 457, 15.

Qu 298, 21. 111111 1111871111· 111111. 181111111624.
ιᾶζῖεᾞὲθὶέ. ff, 15. molem 870, 6.

''ff’' &⁶¹24 111... ,1,..1- &12²3qu ..xm ,1, 111. ιι
11111111 1. q. 1118111111 172, 8. 11111111 288, 19.

111, 1. 111. 11. 151, 1. ,11111111111891174719-
1111171111 47, 8. 18111111111479. 17.
1111111181281, 11. 111 ol« 494, 2. 495, 1.

111111 40), 11. 448 20. 18111 pont 1111111111* 11817· 117θῇ
1111111τὴ1895. 8. 1181111 8111 1111181111 w
11111 ommam 176, 11. 11111 11- 11121181 885, ¹⁶· 7⁰⁸'V'' 30⁸⁸

8111111818111111469, 20. 21. asianae 6111 λαβεῖν 484.
1111111118111818,10. 8. 161111 &m 1111171 112, 19·
1111111111 1111111111 420, 16. 61111 111 ’11111 887, 19.

 

