INDEX SCRIPTORUM· 777

11111111 77,1. 1111ςὶ111 54, 7.
mumma& 8111111111 109,2.
11111111 26, 11. 69, 14. Scriptum sssrs 1. 4. 6. 1110111. 7,
811111 148, 1. 1., 7., 18., 14. 9, 1., 6., 14. 10,
Nulsrlsnss 824, 11. 876, 19. 4. 17, 11. 19. 5- 84, 12. 61, 2.
Nisus 75, 21. 1111111111. 66, 10. 67,6 76, 2. 81,17. 156,
otheos· 12,1“6. 16. 160, 8. 228, 6., 9., 11., 18.
0161111172, 171111. 78, 17. 74, 1. 229, ’11. 281, 7. 186, 18. 241, 6.
75, 2., 6. 76, 6. 848, 18. 811, 19. 867, 22.
Pulsephslns sl, 17. 88, 9. 41, 18. servius 161, 14. 181, 1. ⁴
68, 11. 68, 2. 88, 1109, 7. Slsyphus 117, 1. 119,12. 182, 19.
rul- 92, 11. 98, 8. Sophocles 40, 18, 16. 41, 8.
1111111111 88, 16. 197, 17. 208, 11. 8111111 (8111811) 26, 16.
104, 6., 8. 24816. λ symachus 7, 17.
mla 117, 14. 1111111111 119, ’11111111 242, 21.
5. 121,1. 11”111111(’1’1111111) 167,18.
Philochorus 46, 6. Thonis 142, 12.
Philostratus 197, 10. Theophilus 19,4. 69,17. 86, 9.
7011111018. Α 167, 20. 196, 20. 210, 17. 218,
Pluto 86, 11. 188, 7. 18. 262, 16. 419, 18, 17.
Plinius 178, 18. 'thohou 168, 6. 169,1. 228, 16. ·
Plslsmlms 5611· ¹³⁸s 9· ms 13„ 17·
Polyhlss 167, 19. 'l'msqulllos 84, 4.
myrum, 1¹.- 1111111131, 11. 16118118, 18.
1111111 869, 4. 216, 8. 120, 1. 196, 6.
ΜΝ 1581 ¹¹· 1⁵⁹2 2

 

