INDEX SCRIPTORUM.

m

1111 apostolom 155, 11. 16810178, 8 187, 18. 197, 9.
Atrianu- 58, 11. 61, 6 69, 8. 71, 18. nonum 108, 1.

11. 90, 7., 17. 158, 11. 169, 8. 11ρὶ1111111 in &mptum 19,
Ahmdriwun 111111 sciptum 11.

111, 11. ‘ 1111111111,1.11,11111111,
111111117117. 1111, 117111. m w,
111116οώ01 68, 5. 11. 66, 18. 117, 1., 11. 1⁸5, 11.
Ariona· 171, 17. 187,1. ιη. 118, 8. 166, 1 w,
Aulus 61, 11. 18.

Aulon 118, 1. ambio· 58, 17. 57, 9. 70, 9. 150,
8111118111 187, 11 11. 190, 18. 197, 16. 187, 15.
Bauius 8111 198, 11161, 11. 118,10. 156,10. 16), 15, 19.
commum· (11, a.) 175, 1. 429, 11.

81111157, 19. &cuthin- 899, 8.
0111181181119. 19, 11. 90, Eutropius 109, 6. 881, 11.

1. 165, 5. Eutychiana· 881, 9.
mnu 81, 11. 175, 5. Flam Epium 111111 111, 1.
clunem (1111111111) 8110. (8λὴ- Hermu 'rrimus 16,11 119,

me) 110, 11. 181,11.111,1. ιι

111, 11.160,1.119, 18. uernam· 16, 9.
0111011111158, 11., 188, 11. Herodotus 167, 19.

Democritus 65, 8. Homerus 11, 11. 117, 16. 119, a
0111111111 70, 8. 181, 11. 118, 11.
Dim· ¹⁰⁷, 1. a 111 a 111, 1 mm 11, 12.

181, 11. 185, 11. 150, 8. Iosephus 810. 7, 1. 68, 11. 117,
Didymus 81, 8. 66, 17. 166, 11. 10. 118, 1. 100, 18.

Dinarchus 15, 8. lamen· 160, 8. 190, 1. ew, 6.
modom 61, 18. 66, 10. lulianus 816, 1.

Dionysius 19815. 1111111111 168, 1.

amyota· 151, 1. 1111111111 180, 11.

nmmum 810, 16. 18111178, 11. 188, 10. 116, 19.
nonnam 88, 16 111, 19. 185, 7. bunum 115, 11. 111, 10

 

