INDEX RERUM. 757

8177117181 &emunim 81 Nicia· 71111 n. Ι21
ΙΙ1617111116161111 11112 816111818161116116. 27, 80
111Ρῖ6618· “¹⁹⁹¹“ Ρέ 8111688118)... 11
ᾐὲἰὶῖρξοέὠ 16. ἐξ 067611111111 0111 ΕΙ) 81517716
01161111186101761161 8,90 0111611 1668111111 0181111111761-
811766686616111116.. 72 116118181161818111 111167,
(1111161 116. 67, 68, 69 8, 8 10, 11
0111111161 1111. 16 0171116116. 2, 6, 6.
0111111 111. 16, 21, 81, 26, 66 8. PAULI 11861 11187.18 (1111111
06161166171116116111116Λ9, 11611117. 969898
82 1111116111 111. 61, 62
61111. 1111111111 111111.
7
86881016118086861111 81 16886168 81818η1111611111.16,21,76
168111 (761816 8111111111 1116· Pollux 111. 16, 20, 8610, 16, 61,
1161 18, 92, 98 68, 76
88111861 16. 61 0117671111 16 28. eju· 8117611-
1111118111816111111111111, 16 68 1668181111 ξζ.β1111.11818 181-
88616161618,82,86,,88 1661111119
66, 60, 68, 65, 76, 77, 89, Priscianus 611. 88
91 0111111 Thrax 81 61111 1116811111
88178 611 61061161111111 81, 8686, 86

8188, 89, 18, 66, 66, 66, 9Ἑ 8111111 110116111816 818.
0111711 16 06111111 16.

11 867861118768177711111611- 0111718111 01761611 ⁴

811 81 89, 91 0111106111 611.
1111111111 111. 76 161161 1168611161 111.
11108111218161111ῗι118181111111. ⁸1 8Σ1111118186160817 hodi· 1111611 8117-
111111 06071111 1 7116617111 11111 81 1111 snm 61177171
111κ11ἰ1115α61οι 17118Ἷ11110661188ο 11111 &gaf forto-w 21, 26, 72, 80
1 0611 60, 61 8111. 161 611. 60
mm? 01111161 (11. 87 8111611161Ιιι 111. 161Ιὶ 67 68, ξ
1111111161 aad Mn g Sophocli· 11161 116611 1111 129912
111 811111111μὺ1) 82 81761161 1711. 111. 60, 61 117Ιί1.
ἪΜᾚΜ ἰιι7881111788.817611611111111· 0111181717 89

108111.2,6,6,12,16,16,7ἦὲ1ζὲ7.081;7666611 ἐξ
817111. 22,18,7181181116.68,62,68,,,61,6986
Μ’ 111111 11111111 Novi 111111111111ἰ111.ω’13
11711111, 17171, 11117, 1717678841, 61 101. V. 11. 8111111 71181111-
8111111111 0171111 16. 98 7111111 1768 81111116 711 ’1681158 71
811617161111. 60, 61, 62 1111111611
811611111111. 10, 16 ’1611711110111111810111117117611
117111111161711111 8 818. Gr.

811111 1166116116) Tng 711 1177 ’1171177731ιηίΙί 11161 τῆς 1661111

 

